0.000000e+00
2.595282e-12
4.649527e-12
6.271891e-12
7.550274e-12
8.555444e-12
9.344232e-12
9.962204e-12
1.044588e-11
1.082449e-11
1.112141e-11
1.135531e-11
1.154112e-11
1.169076e-11
1.181365e-11
1.191737e-11
1.200801e-11
1.209024e-11
1.216783e-11
1.224384e-11
1.232061e-11
1.239994e-11
1.248326e-11
1.257173e-11
1.266611e-11
1.276706e-11
1.287508e-11
1.299042e-11
1.311336e-11
1.324397e-11
1.338232e-11
1.352844e-11
1.368224e-11
1.384357e-11
1.401242e-11
1.418852e-11
1.437177e-11
1.456200e-11
1.475891e-11
1.496240e-11
1.517215e-11
1.538792e-11
1.560957e-11
1.583667e-11
1.606904e-11
1.630648e-11
1.654857e-11
1.679512e-11
1.704583e-11
1.730037e-11
1.755844e-11
1.781982e-11
1.808412e-11
1.835100e-11
1.862026e-11
1.889147e-11
1.916437e-11
1.943869e-11
1.971402e-11
1.999004e-11
2.026645e-11
2.054292e-11
2.081912e-11
2.109479e-11
2.136957e-11
2.164307e-11
2.191513e-11
2.218527e-11
2.245330e-11
2.271894e-11
2.298174e-11
2.324162e-11
2.349811e-11
2.375103e-11
2.400011e-11
2.424509e-11
2.448568e-11
2.472161e-11
2.495276e-11
2.517878e-11
2.539959e-11
0.000000e+00
1.085491e-10
1.959966e-10
2.661047e-10
3.220270e-10
3.663912e-10
4.013824e-10
4.288060e-10
4.501547e-10
4.666547e-10
4.793120e-10
4.889502e-10
4.962398e-10
5.017246e-10
5.058489e-10
5.089685e-10
5.113717e-10
5.132909e-10
5.149103e-10
5.163763e-10
5.178030e-10
5.192839e-10
5.208872e-10
5.226700e-10
5.246676e-10
5.269121e-10
5.294239e-10
5.322164e-10
5.352960e-10
5.386676e-10
5.423261e-10
5.462729e-10
5.504973e-10
5.549909e-10
5.597455e-10
5.647503e-10
5.699903e-10
5.754525e-10
5.811243e-10
5.869918e-10
5.930378e-10
5.992491e-10
6.056092e-10
6.121024e-10
6.187163e-10
6.254314e-10
6.322335e-10
6.391092e-10
6.460395e-10
6.530124e-10
6.600103e-10
6.670198e-10
6.740252e-10
6.810137e-10
6.879704e-10
6.948771e-10
7.017260e-10
7.085004e-10
7.151907e-10
7.217787e-10
7.282550e-10
7.346094e-10
7.408298e-10
7.469021e-10
7.528178e-10
7.585668e-10
7.641369e-10
7.695238e-10
7.747132e-10
7.797004e-10
7.844756e-10
7.890341e-10
7.933658e-10
7.974658e-10
8.013292e-10
8.049494e-10
8.083216e-10
8.114425e-10
8.143077e-10
8.169140e-10
8.192607e-10
0.000000e+00
4.732315e-09
8.587020e-09
1.170542e-08
1.420966e-08
1.620476e-08
1.778024e-08
1.901215e-08
1.996453e-08
2.069122e-08
2.123714e-08
2.163960e-08
2.192955e-08
2.213243e-08
2.226913e-08
2.235663e-08
2.240889e-08
2.243705e-08
2.245018e-08
2.245544e-08
2.245862e-08
2.246412e-08
2.247556e-08
2.249555e-08
2.252611e-08
2.256869e-08
2.262440e-08
2.269390e-08
2.277755e-08
2.287550e-08
2.298767e-08
2.311397e-08
2.325402e-08
2.340752e-08
2.357387e-08
2.375260e-08
2.394305e-08
2.414464e-08
2.435672e-08
2.457856e-08
2.480954e-08
2.504891e-08
2.529593e-08
2.554992e-08
2.581017e-08
2.607587e-08
2.634644e-08
2.662109e-08
2.689907e-08
2.717979e-08
2.746243e-08
2.774641e-08
2.803105e-08
2.831566e-08
2.859956e-08
2.888218e-08
2.916294e-08
2.944118e-08
2.971632e-08
2.998775e-08
3.025496e-08
3.051748e-08
3.077460e-08
3.102603e-08
3.127122e-08
3.150961e-08
3.174092e-08
3.196461e-08
3.218038e-08
3.238768e-08
3.258632e-08
3.277596e-08
3.295612e-08
3.312672e-08
3.328728e-08
3.343774e-08
3.357775e-08
3.370709e-08
3.382566e-08
3.393326e-08
3.402961e-08
0.000000e+00
1.228123e-07
2.282361e-07
3.180502e-07
3.939607e-07
4.575863e-07
5.104404e-07
5.539246e-07
5.893235e-07
6.178009e-07
6.404049e-07
6.580684e-07
6.716135e-07
6.817648e-07
6.891480e-07
6.943060e-07
6.977039e-07
6.997367e-07
7.007399e-07
7.009949e-07
7.007325e-07
7.001490e-07
6.994003e-07
6.986158e-07
6.978993e-07
6.973302e-07
6.969739e-07
6.968761e-07
6.970727e-07
6.975892e-07
6.984391e-07
6.996320e-07
7.011701e-07
7.030513e-07
7.052668e-07
7.078091e-07
7.106651e-07
7.138202e-07
7.172587e-07
7.209625e-07
7.249154e-07
7.290985e-07
7.334910e-07
7.380758e-07
7.428312e-07
7.477400e-07
7.527831e-07
7.579395e-07
7.631929e-07
7.685239e-07
7.739129e-07
7.793479e-07
7.848079e-07
7.902777e-07
7.957408e-07
8.011833e-07
8.065902e-07
8.119458e-07
8.172406e-07
8.224573e-07
8.275858e-07
8.326147e-07
8.375316e-07
8.423260e-07
8.469901e-07
8.515115e-07
8.558825e-07
8.600955e-07
8.641405e-07
8.680129e-07
8.717042e-07
8.752076e-07
8.785181e-07
8.816301e-07
8.845387e-07
8.872402e-07
8.897272e-07
8.919992e-07
8.940516e-07
8.958838e-07
8.974890e-07
0.000000e+00
6.282588e-07
1.202752e-06
1.725449e-06
2.198577e-06
2.624589e-06
3.006119e-06
3.345954e-06
3.646961e-06
3.912070e-06
4.144227e-06
4.346346e-06
4.521276e-06
4.671781e-06
4.800486e-06
4.909909e-06
5.002374e-06
5.080072e-06
5.145000e-06
5.199000e-06
5.243716e-06
5.280647e-06
5.311125e-06
5.336323e-06
5.357278e-06
5.374870e-06
5.389907e-06
5.403033e-06
5.414821e-06
5.425738e-06
5.436198e-06
5.446505e-06
5.456939e-06
5.467688e-06
5.478911e-06
5.490746e-06
5.503255e-06
5.516501e-06
5.530509e-06
5.545278e-06
5.560807e-06
5.577069e-06
5.594017e-06
5.611600e-06
5.629777e-06
5.648481e-06
5.667645e-06
5.687190e-06
5.707070e-06
5.727199e-06
5.747509e-06
5.767940e-06
5.788417e-06
5.808884e-06
5.829243e-06
5.849477e-06
5.869505e-06
5.889267e-06
5.908717e-06
5.927804e-06
5.946484e-06
5.964706e-06
5.982432e-06
5.999626e-06
6.016244e-06
6.032257e-06
6.047639e-06
6.062359e-06
6.076381e-06
6.089695e-06
6.102285e-06
6.114115e-06
6.125172e-06
6.135448e-06
6.144925e-06
6.153590e-06
6.161449e-06
6.168466e-06
6.174648e-06
6.179982e-06
6.184480e-06
0.000000e+00
1.191335e-06
2.319347e-06
3.383955e-06
4.385368e-06
5.324112e-06
6.201025e-06
7.017245e-06
7.774222e-06
8.473684e-06
9.117636e-06
9.708315e-06
1.024816e-05
1.073981e-05
1.118601e-05
1.158964e-05
1.195360e-05
1.228084e-05
1.257428e-05
1.283683e-05
1.307129e-05
1.328035e-05
1.346661e-05
1.363253e-05
1.378039e-05
1.391234e-05
1.403034e-05
1.413621e-05
1.423158e-05
1.431793e-05
1.439661e-05
1.446876e-05
1.453544e-05
1.459756e-05
1.465588e-05
1.471110e-05
1.476378e-05
1.481442e-05
1.486341e-05
1.491107e-05
1.495767e-05
1.500342e-05
1.504850e-05
1.509299e-05
1.513699e-05
1.518054e-05
1.522365e-05
1.526638e-05
1.530866e-05
1.535048e-05
1.539178e-05
1.543254e-05
1.547270e-05
1.551219e-05
1.555094e-05
1.558893e-05
1.562606e-05
1.566228e-05
1.569754e-05
1.573179e-05
1.576493e-05
1.579700e-05
1.582788e-05
1.585757e-05
1.588603e-05
1.591321e-05
1.593912e-05
1.596367e-05
1.598692e-05
1.600881e-05
1.602934e-05
1.604850e-05
1.606626e-05
1.608267e-05
1.609768e-05
1.611134e-05
1.612363e-05
1.613455e-05
1.614412e-05
1.615236e-05
1.615929e-05
0.000000e+00
1.557210e-06
3.059066e-06
4.504379e-06
5.892108e-06
7.221366e-06
8.491462e-06
9.701909e-06
1.085246e-05
1.194312e-05
1.297414e-05
1.394607e-05
1.485971e-05
1.571615e-05
1.651673e-05
1.726304e-05
1.795693e-05
1.860045e-05
1.919578e-05
1.974533e-05
2.025157e-05
2.071712e-05
2.114455e-05
2.153653e-05
2.189576e-05
2.222475e-05
2.252610e-05
2.280224e-05
2.305547e-05
2.328810e-05
2.350215e-05
2.369958e-05
2.388217e-05
2.405159e-05
2.420938e-05
2.435685e-05
2.449528e-05
2.462567e-05
2.474906e-05
2.486623e-05
2.497796e-05
2.508488e-05
2.518751e-05
2.528627e-05
2.538158e-05
2.547373e-05
2.556303e-05
2.564963e-05
2.573367e-05
2.581527e-05
2.589454e-05
2.597155e-05
2.604630e-05
2.611884e-05
2.618915e-05
2.625721e-05
2.632302e-05
2.638655e-05
2.644778e-05
2.650672e-05
2.656326e-05
2.661740e-05
2.666917e-05
2.671852e-05
2.676536e-05
2.680980e-05
2.685173e-05
2.689125e-05
2.692831e-05
2.696287e-05
2.699501e-05
2.702473e-05
2.705205e-05
2.707703e-05
2.709966e-05
2.712000e-05
2.713810e-05
2.715398e-05
2.716767e-05
2.717933e-05
2.718889e-05
0.000000e+00
1.768107e-06
3.492312e-06
5.171170e-06
6.803252e-06
8.387156e-06
9.921525e-06
1.140511e-05
1.283671e-05
1.421530e-05
1.553997e-05
1.681000e-05
1.802485e-05
1.918421e-05
2.028801e-05
2.133640e-05
2.232978e-05
2.326883e-05
2.415445e-05
2.498784e-05
2.577036e-05
2.650366e-05
2.718955e-05
2.782998e-05
2.842712e-05
2.898322e-05
2.950055e-05
2.998153e-05
3.042855e-05
3.084402e-05
3.123032e-05
3.158968e-05
3.192444e-05
3.223667e-05
3.252841e-05
3.280157e-05
3.305793e-05
3.329914e-05
3.352673e-05
3.374206e-05
3.394637e-05
3.414076e-05
3.432627e-05
3.450368e-05
3.467383e-05
3.483735e-05
3.499476e-05
3.514660e-05
3.529324e-05
3.543503e-05
3.557217e-05
3.570494e-05
3.583346e-05
3.595788e-05
3.607824e-05
3.619465e-05
3.630713e-05
3.641565e-05
3.652028e-05
3.662096e-05
3.671769e-05
3.681047e-05
3.689924e-05
3.698397e-05
3.706463e-05
3.714121e-05
3.721377e-05
3.728220e-05
3.734653e-05
3.740675e-05
3.746289e-05
3.751496e-05
3.756296e-05
3.760698e-05
3.764704e-05
3.768320e-05
3.771551e-05
3.774400e-05
3.776875e-05
3.778989e-05
3.780751e-05
0.000000e+00
1.889264e-06
3.745127e-06
5.566262e-06
7.351284e-06
9.098770e-06
1.080726e-05
1.247527e-05
1.410134e-05
1.568402e-05
1.722185e-05
1.871349e-05
2.015766e-05
2.155318e-05
2.289902e-05
2.419429e-05
2.543824e-05
2.663042e-05
2.777049e-05
2.885841e-05
2.989432e-05
3.087868e-05
3.181213e-05
3.269560e-05
3.353021e-05
3.431733e-05
3.505857e-05
3.575565e-05
3.641045e-05
3.702505e-05
3.760157e-05
3.814220e-05
3.864921e-05
3.912484e-05
3.957131e-05
3.999085e-05
4.038559e-05
4.075756e-05
4.110879e-05
4.144106e-05
4.175616e-05
4.205562e-05
4.234101e-05
4.261357e-05
4.287457e-05
4.312512e-05
4.336613e-05
4.359842e-05
4.382279e-05
4.403983e-05
4.425000e-05
4.445383e-05
4.465164e-05
4.484368e-05
4.503025e-05
4.521143e-05
4.538739e-05
4.555816e-05
4.572384e-05
4.588433e-05
4.603969e-05
4.618990e-05
4.633485e-05
4.647450e-05
4.660881e-05
4.673763e-05
4.686097e-05
4.697870e-05
4.709078e-05
4.719716e-05
4.729780e-05
4.739262e-05
4.748166e-05
4.756481e-05
4.764216e-05
4.771358e-05
4.777919e-05
4.783897e-05
4.789301e-05
4.794122e-05
4.798380e-05
8.555444e-12
1.249058e-11
1.825426e-11
2.667806e-11
3.895900e-11
5.681667e-11
8.272232e-11
1.202312e-10
1.744775e-10
2.529093e-10
3.663912e-10
5.308711e-10
7.698804e-10
1.118317e-09
1.628073e-09
2.376416e-09
3.478145e-09
5.103037e-09
7.500016e-09
1.102953e-08
1.620476e-08
2.374074e-08
3.460759e-08
5.008060e-08
7.177582e-08
1.016556e-07
1.419914e-07
1.952729e-07
2.640594e-07
3.507929e-07
4.575863e-07
5.860221e-07
7.369937e-07
9.106125e-07
1.106181e-06
1.322261e-06
1.556778e-06
1.807179e-06
2.070610e-06
2.344075e-06
2.624589e-06
2.909298e-06
3.195569e-06
3.481053e-06
3.763701e-06
4.041799e-06
4.313925e-06
4.578969e-06
4.836056e-06
5.084583e-06
5.324112e-06
5.554400e-06
5.775330e-06
5.986914e-06
6.189240e-06
6.382480e-06
6.566852e-06
6.742632e-06
6.910097e-06
7.069571e-06
7.221366e-06
7.365819e-06
7.503244e-06
7.633982e-06
7.758344e-06
7.876636e-06
7.989159e-06
8.096201e-06
8.198041e-06
8.294943e-06
8.387156e-06
8.474919e-06
8.558470e-06
8.638015e-06
8.713763e-06
8.785911e-06
8.854650e-06
8.920140e-06
8.982554e-06
9.042043e-06
9.098770e-06
1.191737e-11
1.727687e-11
2.512662e-11
3.661723e-11
5.341628e-11
7.793427e-11
1.136498e-10
1.655839e-10
2.409858e-10
3.503586e-10
5.089685e-10
7.391093e-10
1.073495e-09
1.560340e-09
2.270942e-09
3.310973e-09
4.837021e-09
7.080492e-09
1.038159e-08
1.523593e-08
2.235663e-08
3.275287e-08
4.782366e-08
6.946033e-08
1.001455e-07
1.430290e-07
2.019561e-07
2.814257e-07
3.864497e-07
5.223245e-07
6.943060e-07
9.072392e-07
1.165185e-06
1.471076e-06
1.826492e-06
2.231523e-06
2.684784e-06
3.183536e-06
3.723907e-06
4.301136e-06
4.909909e-06
5.544559e-06
6.199424e-06
6.868965e-06
7.547977e-06
8.231713e-06
8.915854e-06
9.596671e-06
1.027096e-05
1.093602e-05
1.158964e-05
1.223002e-05
1.285581e-05
1.346593e-05
1.405967e-05
1.463650e-05
1.519617e-05
1.573857e-05
1.626372e-05
1.677181e-05
1.726304e-05
1.773777e-05
1.819632e-05
1.863915e-05
1.906667e-05
1.947935e-05
1.987766e-05
2.026204e-05
2.063298e-05
2.099095e-05
2.133640e-05
2.166978e-05
2.199152e-05
2.230206e-05
2.260176e-05
2.289107e-05
2.317035e-05
2.343997e-05
2.370027e-05
2.395160e-05
2.419429e-05
1.276706e-11
1.836886e-11
2.654315e-11
3.847577e-11
5.588751e-11
8.126934e-11
1.182196e-10
1.719320e-10
2.499067e-10
3.629902e-10
5.269121e-10
7.645620e-10
1.109376e-09
1.610388e-09
2.339689e-09
3.403506e-09
4.958279e-09
7.233979e-09
1.056693e-08
1.544510e-08
2.256869e-08
3.292777e-08
4.789609e-08
6.933816e-08
9.971852e-08
1.421977e-07
2.006931e-07
2.798809e-07
3.851118e-07
5.222354e-07
6.973302e-07
9.163538e-07
1.184763e-06
1.507136e-06
1.886853e-06
2.325873e-06
2.824611e-06
3.381975e-06
3.995450e-06
4.661304e-06
5.374870e-06
6.130790e-06
6.923279e-06
7.746417e-06
8.594312e-06
9.461294e-06
1.034205e-05
1.123170e-05
1.212582e-05
1.302050e-05
1.391234e-05
1.479841e-05
1.567627e-05
1.654382e-05
1.739941e-05
1.824168e-05
1.906960e-05
1.988236e-05
2.067939e-05
2.146025e-05
2.222475e-05
2.297278e-05
2.370428e-05
2.441939e-05
2.511820e-05
2.580095e-05
2.646789e-05
2.711927e-05
2.775542e-05
2.837661e-05
2.898322e-05
2.957552e-05
3.015390e-05
3.071866e-05
3.127013e-05
3.180865e-05
3.233448e-05
3.284800e-05
3.334944e-05
3.383914e-05
3.431733e-05
1.418852e-11
2.029165e-11
2.916113e-11
4.206280e-11
6.083235e-11
8.812528e-11
1.277784e-10
1.853281e-10
2.687702e-10
3.896614e-10
5.647503e-10
8.183818e-10
1.186055e-09
1.719691e-09
2.495428e-09
3.624974e-09
5.272215e-09
7.676799e-09
1.118734e-08
1.630683e-08
2.375260e-08
3.453255e-08
5.003773e-08
7.214488e-08
1.033230e-07
1.467264e-07
2.062549e-07
2.865596e-07
3.929715e-07
5.313452e-07
7.078091e-07
9.284527e-07
1.198970e-06
1.524308e-06
1.908339e-06
2.353650e-06
2.861389e-06
3.431251e-06
4.061550e-06
4.749354e-06
5.490746e-06
6.280998e-06
7.114868e-06
7.986839e-06
8.891290e-06
9.822693e-06
1.077574e-05
1.174548e-05
1.272729e-05
1.371708e-05
1.471110e-05
1.570610e-05
1.669929e-05
1.768818e-05
1.867077e-05
1.964533e-05
2.061041e-05
2.156495e-05
2.250796e-05
2.343879e-05
2.435685e-05
2.526184e-05
2.615344e-05
2.703150e-05
2.789601e-05
2.874694e-05
2.958434e-05
3.040835e-05
3.121913e-05
3.201677e-05
3.280157e-05
3.357370e-05
3.433339e-05
3.508089e-05
3.581641e-05
3.654021e-05
3.725244e-05
3.795342e-05
3.864335e-05
3.932242e-05
3.999085e-05
1.630648e-11
2.319363e-11
3.315891e-11
4.759745e-11
6.852947e-11
9.887568e-11
1.428548e-10
2.065559e-10
2.987779e-10
4.322505e-10
6.254314e-10
9.051693e-10
1.310627e-09
1.899060e-09
2.754359e-09
3.999414e-09
5.814048e-09
8.460402e-09
1.231818e-08
1.793239e-08
2.607587e-08
3.782715e-08
5.466315e-08
7.856141e-08
1.121007e-07
1.585470e-07
2.219038e-07
3.069025e-07
4.189266e-07
5.638381e-07
7.477400e-07
9.766607e-07
1.256217e-06
1.591281e-06
1.985691e-06
2.442028e-06
2.961513e-06
3.543961e-06
4.187877e-06
4.890599e-06
5.648481e-06
6.457101e-06
7.311556e-06
8.206596e-06
9.136887e-06
1.009715e-05
1.108228e-05
1.208744e-05
1.310820e-05
1.414044e-05
1.518054e-05
1.622519e-05
1.727157e-05
1.831717e-05
1.935991e-05
2.039799e-05
2.142986e-05
2.245429e-05
2.347025e-05
2.447697e-05
2.547373e-05
2.646014e-05
2.743575e-05
2.840033e-05
2.935373e-05
3.029583e-05
3.122658e-05
3.214606e-05
3.305426e-05
3.395131e-05
3.483735e-05
3.571245e-05
3.657680e-05
3.743061e-05
3.827396e-05
3.910705e-05
3.993008e-05
4.074327e-05
4.154674e-05
4.234057e-05
4.312512e-05
1.889147e-11
2.670956e-11
3.796517e-11
5.419816e-11
7.763612e-11
1.114961e-10
1.604258e-10
2.311374e-10
3.333417e-10
4.811084e-10
6.948771e-10
1.004418e-09
1.453219e-09
2.104922e-09
3.052783e-09
4.433388e-09
6.446314e-09
9.381854e-09
1.365923e-08
1.987766e-08
2.888218e-08
4.184528e-08
6.036048e-08
8.654465e-08
1.231336e-07
1.735602e-07
2.419894e-07
3.332949e-07
4.529589e-07
6.068943e-07
8.011833e-07
1.041773e-06
1.334138e-06
1.682975e-06
2.091909e-06
2.563335e-06
3.098298e-06
3.696499e-06
4.356367e-06
5.075226e-06
5.849477e-06
6.674791e-06
7.546394e-06
8.459206e-06
9.408054e-06
1.038782e-05
1.139361e-05
1.242073e-05
1.346489e-05
1.452214e-05
1.558893e-05
1.666208e-05
1.773886e-05
1.881684e-05
1.989395e-05
2.096840e-05
2.203872e-05
2.310367e-05
2.416227e-05
2.521368e-05
2.625721e-05
2.729238e-05
2.831878e-05
2.933617e-05
3.034430e-05
3.134303e-05
3.233229e-05
3.331211e-05
3.428238e-05
3.524320e-05
3.619465e-05
3.713674e-05
3.806961e-05
3.899335e-05
3.990800e-05
4.081371e-05
4.171055e-05
4.259867e-05
4.347814e-05
4.434902e-05
4.521143e-05
2.164307e-11
3.038550e-11
4.289896e-11
6.085141e-11
8.665187e-11
1.237785e-10
1.772550e-10
2.543486e-10
3.655837e-10
5.262404e-10
7.585668e-10
1.095023e-09
1.583127e-09
2.292498e-09
3.325235e-09
4.830911e-09
7.027922e-09
1.023344e-08
1.490443e-08
2.169175e-08
3.150961e-08
4.561940e-08
6.572539e-08
9.407535e-08
1.335527e-07
1.877451e-07
2.609663e-07
3.582194e-07
4.850757e-07
6.474856e-07
8.515115e-07
1.103009e-06
1.407312e-06
1.768926e-06
2.191269e-06
2.676516e-06
3.225520e-06
3.837798e-06
4.511670e-06
5.244367e-06
6.032257e-06
6.871044e-06
7.755984e-06
8.682071e-06
9.644253e-06
1.063755e-05
1.165713e-05
1.269849e-05
1.375745e-05
1.483016e-05
1.591321e-05
1.700355e-05
1.809854e-05
1.919583e-05
2.029347e-05
2.138971e-05
2.248327e-05
2.357290e-05
2.465767e-05
2.573684e-05
2.680980e-05
2.787609e-05
2.893540e-05
2.998746e-05
3.103207e-05
3.206917e-05
3.309871e-05
3.412067e-05
3.513501e-05
3.614186e-05
3.714121e-05
3.813318e-05
3.911783e-05
4.009517e-05
4.106532e-05
4.202834e-05
4.298420e-05
4.393304e-05
4.487487e-05
4.580973e-05
4.673763e-05
2.424509e-11
3.376520e-11
4.730458e-11
6.661739e-11
9.423307e-11
1.338028e-10
1.906034e-10
2.722759e-10
3.899050e-10
5.596216e-10
8.049494e-10
1.160306e-09
1.676143e-09
2.426506e-09
3.520083e-09
5.116143e-09
7.447188e-09
1.085056e-08
1.581132e-08
2.301880e-08
3.343774e-08
4.839424e-08
6.967178e-08
9.960994e-08
1.411931e-07
1.981108e-07
2.747727e-07
3.762561e-07
5.081790e-07
6.764990e-07
8.872402e-07
1.146180e-06
1.458538e-06
1.828680e-06
2.259869e-06
2.754137e-06
3.312189e-06
3.933440e-06
4.616112e-06
5.357377e-06
6.153590e-06
7.000457e-06
7.893238e-06
8.826986e-06
9.796673e-06
1.079739e-05
1.182440e-05
1.287322e-05
1.393975e-05
1.502024e-05
1.611134e-05
1.721006e-05
1.831384e-05
1.942041e-05
2.052787e-05
2.163466e-05
2.273942e-05
2.384110e-05
2.493886e-05
2.603197e-05
2.712000e-05
2.820256e-05
2.927942e-05
3.035035e-05
3.141540e-05
3.247447e-05
3.352762e-05
3.457497e-05
3.561662e-05
3.665264e-05
3.768320e-05
3.870843e-05
3.972842e-05
4.074338e-05
4.175337e-05
4.275852e-05
4.375884e-05
4.475450e-05
4.574548e-05
4.673187e-05
4.771358e-05
